0 1266
1 974
2 527
3 1920
4 1157
5 927
6 327
7 1820
8 167
9 1726
10 1598
11 1634
12 1529
13 1366
14 559
15 1984
16 762
17 42
18 1038
19 719
20 1424
21 371
22 1316
23 807
24 1876
25 1088
26 1761
27 868
28 478
29 83
30 1125
31 640
32 1469
33 273
34 225
35 440
36 129
37 972
38 1684
39 1206
40 169
41 1563
42 2042
43 1254
44 924
45 1512
46 1940
47 1797
48 533
49 1604
50 1357
51 754
52 11
53 680
54 604
55 1044
56 332
57 2001
58 1174
59 1763
60 1079
61 1847
62 1394
63 1004
64 1305
65 1457
66 91
67 495
68 636
69 374
70 435
71 1898
72 1701
73 1637
74 820
75 288
76 57
77 960
78 251
79 2034
80 915
81 188
82 1949
83 1130
84 779
85 881
86 1358
87 138
88 1559
89 1257
90 553
91 1982
92 700
93 339
94 591
95 1796
96 1098
97 1439
98 1407
99 486
100 1033
101 1168
102 999
103 1739
104 389
105 1510
106 1612
107 1704
108 1224
109 1644
110 1857
111 949
112 250
113 1894
114 200
115 646
116 765
117 428
118 282
119 53
120 86
121 891
122 131
123 1973
124 2
125 2020
126 592
127 518
128 1129
129 857
130 1550
131 314
132 1373
133 1329
134 1069
135 1822
136 1475
137 1023
138 1610
139 1777
140 801
141 1171
142 1508
143 1412
144 1285
145 1693
146 1725
147 381
148 704
149 1220
150 180
151 476
152 556
153 442
154 264
155 760
156 34
157 914
158 214
159 126
160 1660
161 644
162 1915
163 1566
164 1377
165 1122
166 1338
167 1947
168 76
169 1872
170 1821
171 843
172 985
173 794
174 1778
175 302
176 345
177 611
178 1155
179 882
180 1618
181 1723
182 1294
183 1514
184 1051
185 436
186 1084
187 158
188 1467
189 1990
190 1260
191 2029
192 22
193 724
194 1651
195 241
196 391
197 1401
198 1200
199 933
200 686
201 1922
202 68
203 1956
204 998
205 1547
206 831
207 123
208 342
209 281
210 475
211 901
212 545
213 1433
214 1319
215 863
216 1685
217 1850
218 1068
219 793
220 206
221 1583
222 582
223 1245
224 1480
225 1755
226 431
227 1367
228 648
229 2011
230 720
231 958
232 1148
233 390
234 1633
235 1212
236 1802
237 1967
238 1929
239 1027
240 688
241 350
242 1278
243 254
244 499
245 1432
246 1109
247 878
248 165
249 536
250 301
251 800
252 1066
253 1597
254 1545
255 6
256 1879
257 1669
258 94
259 1353
260 612
261 1720
262 1497
263 923
264 832
265 1770
266 751
267 2022
268 1187
269 439
270 1987
271 1839
272 1919
273 956
274 385
275 710
276 1280
277 1241
278 247
279 55
280 198
281 1951
282 1135
283 306
284 1048
285 480
286 1623
287 1557
288 1874
289 562
290 353
291 148
292 1091
293 649
294 1390
295 791
296 1673
297 1450
298 1730
299 98
300 852
301 1502
302 1342
303 1185
304 1827
305 525
306 408
307 928
308 896
309 606
310 2038
311 1793
312 1007
313 723
314 1149
315 65
316 1936
317 311
318 258
319 1578
320 220
321 682
322 569
323 1625
324 1113
325 139
326 18
327 645
328 781
329 457
330 1983
331 1714
332 1868
333 1246
334 1678
335 351
336 1057
337 1193
338 423
339 496
340 1478
341 1760
342 607
343 1349
344 948
345 916
346 535
347 1304
348 1794
349 1540
350 185
351 880
352 728
353 266
354 574
355 1003
356 1937
357 1134
358 1444
359 8
360 681
361 141
362 1835
363 299
364 1890
365 773
366 1666
367 1248
368 1727
369 109
370 2031
371 825
372 51
373 357
374 1483
375 1169
376 1045
377 396
378 954
379 542
380 1335
381 1767
382 1101
383 443
384 1210
385 866
386 1588
387 481
388 233
389 176
390 733
391 614
392 577
393 1431
394 1622
395 678
396 7
397 1546
398 1676
399 1374
400 1970
401 1728
402 309
403 1838
404 2012
405 113
406 40
407 1871
408 789
409 1485
410 922
411 1299
412 1015
413 347
414 531
415 410
416 1107
417 1931
418 1208
419 1775
420 1153
421 446
422 889
423 1067
424 1264
425 210
426 623
427 581
428 693
429 1336
430 498
431 275
432 1627
433 1423
434 982
435 1740
436 727
437 822
438 1988
439 1569
440 243
441 1379
442 1809
443 160
444 1885
445 1852
446 1018
447 1694
448 767
449 397
450 2023
451 1195
452 1522
453 104
454 41
455 1121
456 1938
457 1265
458 638
459 854
460 584
461 202
462 1481
463 356
464 1774
465 462
466 937
467 1347
468 1414
469 284
470 808
471 513
472 1602
473 549
474 1729
475 152
476 712
477 1050
478 1565
479 1642
480 1230
481 890
482 1869
483 407
484 984
485 240
486 17
487 56
488 1957
489 1816
490 324
491 1115
492 1924
493 1306
494 1190
495 207
496 1488
497 467
498 2009
499 1355
500 1421
501 372
502 783
503 1453
504 652
505 1692
506 580
507 848
508 274
509 1736
510 951
511 546
512 1564
513 909
514 1040
515 713
516 983
517 242
518 115
519 1654
520 1274
521 25
522 1861
523 1800
524 73
525 1906
526 1183
527 174
528 1971
529 1605
530 2032
531 409
532 1097
533 364
534 1389
535 1476
536 668
537 1331
538 1700
539 778
540 294
541 593
542 455
543 1758
544 490
545 1140
546 1543
547 926
548 626
549 986
550 551
551 1511
552 227
553 27
554 1435
555 1218
556 1036
557 1279
558 1655
559 876
560 1934
561 715
562 329
563 1576
564 1858
565 102
566 70
567 1807
568 386
569 1384
570 1102
571 809
572 1697
573 1350
574 1994
575 1318
576 477
577 1173
578 296
579 776
580 184
581 609
582 142
583 259
584 934
585 438
586 1901
587 1611
588 1773
589 509
590 1490
591 1139
592 642
593 1060
594 992
595 1945
596 721
597 1863
598 1567
599 71
600 369
601 555
602 223
603 1811
604 5
605 811
606 1100
607 1300
608 1231
609 1713
610 902
611 1677
612 2035
613 759
614 156
615 1194
616 1402
617 420
618 1344
619 859
620 105
621 1757
622 317
623 1517
624 1461
625 689
626 968
627 464
628 632
629 1859
630 1017
631 1571
632 1137
633 1969
634 1927
635 558
636 383
637 1624
638 38
639 1275
640 262
641 1049
642 1309
643 1815
644 1235
645 780
646 173
647 2014
648 925
649 1672
650 1345
651 817
652 1420
653 508
654 1180
655 77
656 1460
657 740
658 1493
659 330
660 1083
661 653
662 298
663 884
664 1561
665 1744
666 1381
667 976
668 1980
669 466
670 114
671 217
672 1272
673 1640
674 550
675 1855
676 1026
677 1930
678 252
679 2024
680 1708
681 849
682 596
683 1525
684 1786
685 1229
686 400
687 433
688 1348
689 1445
690 1184
691 360
692 1492
693 677
694 30
695 805
696 1818
697 178
698 1892
699 941
700 286
701 1085
702 75
703 1575
704 484
705 1383
706 905
707 528
708 989
709 752
710 1663
711 1932
712 1626
713 118
714 222
715 2043
716 608
717 1217
718 1712
719 417
720 1271
721 1422
722 1154
723 1351
724 840
725 1028
726 1314
727 1491
728 346
729 1975
730 661
731 1886
732 1806
733 313
734 49
735 177
736 1745
737 570
738 1112
739 1581
740 953
741 877
742 777
743 453
744 695
745 1656
746 1080
747 1928
748 615
749 735
750 96
751 987
752 1617
753 1214
754 2015
755 246
756 1408
757 522
758 1691
759 278
760 1360
761 1298
762 918
763 145
764 1801
765 1446
766 1513
767 2047
768 1978
769 321
770 1842
771 26
772 1766
773 1877
774 190
775 867
776 687
777 447
778 557
779 401
780 806
781 1076
782 1024
783 1119
784 747
785 1244
786 605
787 991
788 1639
789 1161
790 88
791 2013
792 1925
793 363
794 1346
795 136
796 1276
797 497
798 943
799 248
800 1966
801 906
802 1824
803 1537
804 1403
805 1759
806 1883
807 16
808 1687
809 673
810 707
811 845
812 799
813 1078
814 540
815 315
816 458
817 1440
818 1503
819 746
820 589
821 195
822 1008
823 412
824 1616
825 366
826 2021
827 1207
828 1369
829 1918
830 1313
831 133
832 1580
833 1273
834 1163
835 239
836 1652
837 931
838 1833
839 883
840 101
841 655
842 965
843 1131
844 283
845 1094
846 706
847 846
848 454
849 1870
850 4
851 1719
852 600
853 775
854 183
855 1753
856 552
857 1484
858 1416
859 354
860 2040
861 1037
862 1943
863 488
864 810
865 1979
866 1164
867 1262
868 1321
869 1197
870 1589
871 63
872 1792
873 738
874 1370
875 221
876 1538
877 920
878 405
879 271
880 1120
881 437
882 634
883 128
884 1643
885 1899
886 168
887 667
888 1856
889 978
890 1075
891 1466
892 334
893 15
894 2026
895 1941
896 870
897 483
898 1698
899 1013
900 1499
901 1985
902 1752
903 1156
904 1609
905 539
906 770
907 1368
908 1258
909 1211
910 586
911 1539
912 1123
913 908
914 290
915 64
916 703
917 1897
918 1322
919 1823
920 192
921 406
922 1574
923 971
924 1454
925 1404
926 1089
927 1952
928 666
929 621
930 1679
931 1047
932 838
933 461
934 3
935 2025
936 1769
937 1613
938 132
939 1363
940 1507
941 1268
942 875
943 588
944 322
945 1009
946 750
947 1138
948 500
949 1914
950 547
951 1323
952 279
953 204
954 1721
955 421
956 90
957 37
958 1542
959 788
960 969
961 660
962 1426
963 382
964 708
965 936
966 824
967 2010
968 1215
969 1176
970 236
971 1867
972 1958
973 1496
974 130
975 1287
976 1799
977 583
978 1593
979 1250
980 1832
981 172
982 459
983 1082
984 514
985 1136
986 1341
987 336
988 1025
989 60
990 627
991 785
992 1675
993 744
994 1907
995 1413
996 394
997 1378
998 929
999 818
1000 869
1001 303
1002 691
1003 2030
1004 1731
1005 1198
1006 1548
1007 1303
1008 231
1009 265
1010 1592
1011 594
1012 1875
1013 1243
1014 1825
1015 127
1016 1981
1017 964
1018 548
1019 182
1020 1632
1021 59
1022 1787
1023 1482
1024 1087
1025 1006
1026 784
1027 337
1028 494
1029 1690
1030 376
1031 816
1032 886
1033 1944
1034 717
1035 1375
1036 1337
1037 1204
1038 1743
1039 19
1040 425
1041 1288
1042 1521
1043 590
1044 1166
1045 1236
1046 1591
1047 295
1048 1556
1049 1905
1050 1449
1051 181
1052 1976
1053 216
1054 669
1055 1415
1056 144
1057 62
1058 981
1059 335
1060 1837
1061 753
1062 1058
1063 529
1064 786
1065 855
1066 935
1067 2036
1068 819
1069 482
1070 106
1071 1380
1072 1334
1073 1782
1074 1715
1075 619
1076 28
1077 1223
1078 893
1079 449
1080 1281
1081 1662
1082 1124
1083 1615
1084 1516
1085 392
1086 1582
1087 1417
1088 1992
1089 150
1090 1470
1091 573
1092 308
1093 1953
1094 670
1095 523
1096 1909
1097 66
1098 725
1099 194
1100 837
1101 1012
1102 804
1103 235
1104 1191
1105 930
1106 1840
1107 2045
1108 625
1109 12
1110 1751
1111 1053
1112 1717
1113 1359
1114 1549
1115 895
1116 1657
1117 1308
1118 763
1119 1133
1120 362
1121 416
1122 962
1123 1397
1124 116
1125 320
1126 1498
1127 1998
1128 1913
1129 1462
1130 543
1131 1963
1132 1239
1133 67
1134 149
1135 1092
1136 829
1137 229
1138 1812
1139 487
1140 1603
1141 24
1142 696
1143 631
1144 1039
1145 272
1146 1534
1147 1716
1148 1878
1149 1680
1150 795
1151 1188
1152 2033
1153 745
1154 967
1155 872
1156 911
1157 1328
1158 197
1159 1141
1160 434
1161 387
1162 532
1163 1972
1164 1641
1165 1494
1166 1456
1167 155
1168 578
1169 1912
1170 1791
1171 1106
1172 74
1173 1372
1174 1573
1175 628
1176 1289
1177 1072
1178 331
1179 287
1180 1834
1181 120
1182 253
1183 671
1184 1689
1185 774
1186 1034
1187 1526
1188 851
1189 904
1190 1405
1191 1748
1192 731
1193 473
1194 404
1195 1993
1196 1242
1197 212
1198 2046
1199 1333
1200 963
1201 1631
1202 571
1203 35
1204 365
1205 1917
1206 1145
1207 1178
1208 1788
1209 1487
1210 1290
1211 1070
1212 1873
1213 122
1214 1954
1215 683
1216 1448
1217 1002
1218 293
1219 175
1220 616
1221 1544
1222 1667
1223 894
1224 441
1225 524
1226 771
1227 1577
1228 479
1229 2007
1230 326
1231 1746
1232 833
1233 1255
1234 224
1235 1709
1236 567
1237 402
1238 650
1239 1332
1240 1409
1241 1911
1242 72
1243 1172
1244 1099
1245 1296
1246 21
1247 1504
1248 1808
1249 705
1250 980
1251 1458
1252 1629
1253 179
1254 147
1255 938
1256 280
1257 361
1258 1032
1259 1864
1260 766
1261 900
1262 111
1263 452
1264 1664
1265 1741
1266 1222
1267 1702
1268 1948
1269 219
1270 656
1271 1595
1272 830
1273 565
1274 1562
1275 865
1276 328
1277 597
1278 1065
1279 1387
1280 1284
1281 1128
1282 395
1283 1528
1284 1795
1285 1340
1286 29
1287 734
1288 516
1289 1465
1290 946
1291 1170
1292 2041
1293 1999
1294 1841
1295 463
1296 1668
1297 257
1298 159
1299 1019
1300 1959
1301 292
1302 702
1303 81
1304 1601
1305 813
1306 564
1307 1707
1308 1635
1309 772
1310 196
1311 651
1312 847
1313 333
1314 1073
1315 1501
1316 1406
1317 1904
1318 1803
1319 892
1320 32
1321 1320
1322 1205
1323 119
1324 1364
1325 1263
1326 1108
1327 517
1328 1438
1329 1750
1330 2027
1331 249
1332 1849
1333 1964
1334 698
1335 1031
1336 1586
1337 945
1338 426
1339 80
1340 994
1341 151
1342 1688
1343 796
1344 203
1345 844
1346 633
1347 472
1348 748
1349 1071
1350 1649
1351 380
1352 0
1353 1881
1354 325
1355 1201
1356 1813
1357 1143
1358 39
1359 1105
1360 1419
1361 1735
1362 566
1363 1459
1364 1505
1365 1365
1366 285
1367 679
1368 1324
1369 1961
1370 598
1371 1585
1372 424
1373 103
1374 2018
1375 520
1376 245
1377 1021
1378 1699
1379 193
1380 643
1381 711
1382 465
1383 917
1384 768
1385 879
1386 842
1387 1646
1388 1854
1389 1921
1390 1238
1391 1159
1392 23
1393 1776
1394 135
1395 1441
1396 1270
1397 1110
1398 1395
1399 1056
1400 343
1401 310
1402 1519
1403 572
1404 1810
1405 429
1406 675
1407 84
1408 1477
1409 503
1410 1955
1411 993
1412 1196
1413 1352
1414 1607
1415 1302
1416 620
1417 470
1418 1686
1419 1551
1420 814
1421 256
1422 388
1423 1996
1424 903
1425 2028
1426 742
1427 1888
1428 1434
1429 199
1430 1267
1431 33
1432 853
1433 1059
1434 1843
1435 1386
1436 1645
1437 1146
1438 674
1439 957
1440 157
1441 1096
1442 1950
1443 506
1444 79
1445 348
1446 1233
1447 1771
1448 1312
1449 624
1450 432
1451 1733
1452 1681
1453 1530
1454 297
1455 1590
1456 393
1457 238
1458 1468
1459 1011
1460 737
1461 1902
1462 576
1463 112
1464 888
1465 189
1466 1831
1467 468
1468 1043
1469 1411
1470 1991
1471 1199
1472 1866
1473 821
1474 690
1475 856
1476 787
1477 1150
1478 1086
1479 1638
1480 973
1481 352
1482 501
1483 1339
1484 618
1485 1291
1486 10
1487 1523
1488 1756
1489 305
1490 1259
1491 261
1492 1606
1493 739
1494 1674
1495 384
1496 913
1497 1371
1498 215
1499 45
1500 95
1501 1916
1502 1560
1503 1790
1504 658
1505 164
1506 1425
1507 835
1508 1846
1509 2000
1510 1473
1511 1062
1512 1181
1513 1000
1514 512
1515 952
1516 1111
1517 338
1518 560
1519 1965
1520 602
1521 792
1522 1216
1523 1253
1524 456
1525 1506
1526 1293
1527 414
1528 1650
1529 743
1530 269
1531 13
1532 1884
1533 1392
1534 92
1535 1703
1536 1584
1537 201
1538 379
1539 1789
1540 1327
1541 672
1542 1742
1543 635
1544 134
1545 1463
1546 491
1547 950
1548 839
1549 2037
1550 58
1551 1933
1552 319
1553 1828
1554 2003
1555 563
1556 1158
1557 1030
1558 1192
1559 1093
1560 418
1561 603
1562 730
1563 988
1564 1900
1565 1531
1566 912
1567 1860
1568 1587
1569 1659
1570 228
1571 1232
1572 1376
1573 355
1574 93
1575 797
1576 1292
1577 1783
1578 1710
1579 125
1580 1443
1581 860
1582 639
1583 277
1584 692
1585 1819
1586 1326
1587 186
1588 1132
1589 47
1590 2006
1591 955
1592 318
1593 599
1594 1486
1595 1022
1596 430
1597 526
1598 1747
1599 1
1600 1077
1601 732
1602 232
1603 1182
1604 1385
1605 1893
1606 1628
1607 2039
1608 358
1609 1942
1610 921
1611 1695
1612 108
1613 1533
1614 1418
1615 873
1616 492
1617 815
1618 1343
1619 1227
1620 665
1621 990
1622 1311
1623 1126
1624 153
1625 398
1626 697
1627 1594
1628 46
1629 1836
1630 538
1631 1974
1632 601
1633 1479
1634 1737
1635 260
1636 761
1637 1882
1638 1779
1639 312
1640 1167
1641 213
1642 359
1643 1042
1644 944
1645 2019
1646 1428
1647 1636
1648 82
1649 828
1650 861
1651 1554
1652 729
1653 502
1654 1005
1655 1396
1656 1926
1657 460
1658 898
1659 1683
1660 685
1661 140
1662 1295
1663 1117
1664 554
1665 1520
1666 1074
1667 1734
1668 1209
1669 1986
1670 268
1671 14
1672 1891
1673 1848
1674 1362
1675 1249
1676 218
1677 1330
1678 782
1679 1152
1680 1430
1681 1780
1682 61
1683 966
1684 1814
1685 1464
1686 1041
1687 587
1688 507
1689 403
1690 450
1691 1939
1692 676
1693 117
1694 622
1695 171
1696 1696
1697 1114
1698 722
1699 344
1700 304
1701 1553
1702 1213
1703 2016
1704 874
1705 1658
1706 1001
1707 826
1708 1393
1709 1600
1710 1880
1711 1261
1712 1515
1713 1177
1714 270
1715 1081
1716 31
1717 1772
1718 1307
1719 1046
1720 78
1721 534
1722 419
1723 1474
1724 758
1725 942
1726 485
1727 1923
1728 613
1729 205
1730 1436
1731 1844
1732 1356
1733 726
1734 154
1735 341
1736 2002
1737 377
1738 1225
1739 975
1740 1014
1741 1116
1742 1682
1743 1570
1744 871
1745 1620
1746 1518
1747 647
1748 1889
1749 263
1750 907
1751 684
1752 1738
1753 87
1754 1317
1755 300
1756 52
1757 561
1758 1055
1759 521
1760 827
1761 940
1762 1804
1763 422
1764 187
1765 736
1766 1946
1767 1437
1768 137
1769 1853
1770 9
1771 1186
1772 2017
1773 1400
1774 1127
1775 1219
1776 1010
1777 790
1778 370
1779 1671
1780 1090
1781 1895
1782 862
1783 471
1784 1277
1785 1768
1786 1614
1787 630
1788 1310
1789 44
1790 579
1791 1718
1792 323
1793 519
1794 1579
1795 1489
1796 100
1797 234
1798 1354
1799 291
1800 699
1801 662
1802 970
1803 919
1804 143
1805 1054
1806 1179
1807 413
1808 1144
1809 1829
1810 1410
1811 1962
1812 1095
1813 1661
1814 1020
1815 823
1816 1269
1817 1862
1818 367
1819 1221
1820 1621
1821 1908
1822 43
1823 1724
1824 585
1825 1527
1826 1568
1827 864
1828 489
1829 617
1830 1995
1831 537
1832 451
1833 1361
1834 961
1835 255
1836 714
1837 663
1838 897
1839 1189
1840 1765
1841 1798
1842 161
1843 307
1844 1118
1845 209
1846 757
1847 411
1848 997
1849 1665
1850 1297
1851 1471
1852 2044
1853 1608
1854 373
1855 1896
1856 1228
1857 1151
1858 97
1859 1509
1860 1711
1861 1851
1862 1541
1863 850
1864 510
1865 340
1866 36
1867 610
1868 1427
1869 267
1870 469
1871 798
1872 1960
1873 544
1874 887
1875 1997
1876 716
1877 208
1878 1785
1879 1103
1880 1382
1881 1648
1882 659
1883 1283
1884 995
1885 1063
1886 163
1887 959
1888 1596
1889 1315
1890 1162
1891 415
1892 1226
1893 107
1894 1732
1895 1910
1896 764
1897 1472
1898 505
1899 836
1900 316
1901 1552
1902 69
1903 244
1904 1029
1905 368
1906 885
1907 575
1908 1845
1909 448
1910 1968
1911 1104
1912 276
1913 2004
1914 211
1915 654
1916 718
1917 1764
1918 162
1919 20
1920 932
1921 1619
1922 1388
1923 1653
1924 1160
1925 977
1926 1722
1927 1061
1928 769
1929 1451
1930 1247
1931 121
1932 1805
1933 1935
1934 1500
1935 515
1936 1016
1937 1572
1938 1887
1939 1301
1940 1535
1941 349
1942 445
1943 399
1944 595
1945 802
1946 858
1947 289
1948 89
1949 701
1950 2008
1951 237
1952 939
1953 191
1954 1762
1955 1647
1956 629
1957 1399
1958 1142
1959 1052
1960 749
1961 664
1962 48
1963 899
1964 1442
1965 1175
1966 1252
1967 493
1968 541
1969 996
1970 1865
1971 1826
1972 1532
1973 1903
1974 444
1975 1599
1976 375
1977 124
1978 803
1979 841
1980 1286
1981 1706
1982 1325
1983 1977
1984 230
1985 947
1986 1749
1987 166
1988 85
1989 1495
1990 709
1991 1670
1992 1064
1993 756
1994 50
1995 1784
1996 641
1997 1391
1998 1165
1999 1240
2000 1447
2001 910
2002 504
2003 1830
2004 1202
2005 1555
2006 568
2007 979
2008 378
2009 1630
2010 427
2011 812
2012 1282
2013 1705
2014 170
2015 1989
2016 226
2017 1524
2018 755
2019 1035
2020 110
2021 1429
2022 694
2023 834
2024 1251
2025 1558
2026 54
2027 1754
2028 657
2029 1256
2030 1147
2031 1452
2032 1234
2033 1781
2034 511
2035 1817
2036 474
2037 1536
2038 530
2039 637
2040 1455
2041 1203
2042 1398
2043 1237
2044 99
2045 741
2046 146
2047 2005
